Features: MeanCycleLength,EstimatedDayofOvulation,LengthofLutealPhase,LengthofMenses,TotalMensesScore,Age,Height,Weight,BMI,cycle_variance,rolling_mean_3
Means: 29.459878484631876,15.729807005003574,13.22301644031451,5.197998570407434,9.822015725518227,31.915654038598998,65.08720514653324,149.9892780557541,25.133671401281543,1.7517127268521124,29.145913645728434
Scales: 0.96438185668626,3.3542209917774852,2.28842674710296,1.2800091571769538,2.844892080127571,5.4885706950788435,2.422104687374118,32.451325393256454,4.914937403696606,1.457623557889839,3.003359265336999
